AL    4,779,736
AK      710,231	 
AZ    6,392,017
AR    2,915,918
CA   37,253,956
CO    5,029,196
CT    3,574,097
DE      897,934
DC      601,723
FL   18,801,310
GA    9,687,653
HI    1,360,301
ID    1,567,582
IL   12,830,632
IN    6,483,802
IA    3,046,355
KS    2,853,118
KY    4,339,367
LA    4,533,372
ME    1,328,361
MD    5,773,552
MA    6,547,629
MI    9,883,640
MN    5,303,925
MS    2,967,297
MO    5,988,144
MT      989,415
NE    1,826,341
NV    2,700,551
NH    1,316,470
NJ    8,791,894
NM    2,059,179
NY   19,378,102
NC    9,535,483
ND      672,591
OH   11,536,504
OK    3,751,351
OR    3,831,074
PA   12,702,379
RI    1,052,567
SC    4,625,364
SD      814,180
TN    6,346,165
TX   25,145,561
US  308,745,538
UT    2,763,885
VT      625,741
VA    8,001,024
WA    6,724,540
WV    1,852,994
WI    5,686,986
WY      563,626
